,Energy
0,0.01076944
1,0.0005439911
2,0.0
3,0.0
4,0.011727516
5,0.0
6,0.0
7,0.0
8,0.013146
9,0.0
10,0.0
11,0.0
12,0.01410639
13,0.0
14,0.0
15,0.0
16,0.014646294
17,0.0
18,0.0
19,0.0
20,0.015467243
21,0.0
22,0.0
23,0.0
24,0.016480379
25,0.0
26,0.0
27,0.0
28,0.01812118
29,0.0
30,0.0
31,0.0
32,0.020027556
33,0.0
34,0.0
35,0.0
36,0.021714782
37,0.0
38,0.0
39,0.0
40,0.023283307
41,0.0
42,0.0
43,0.0
44,0.024844449
45,0.0
46,0.0
47,0.0
48,0.026408738
49,0.0
50,0.0
51,0.0
52,0.027973043
53,0.0
54,0.0
55,0.0
56,0.029537342
57,0.0
58,0.0
59,0.0
60,0.031091148
61,0.0
62,0.0
63,0.0
64,0.032629453
65,0.0
66,0.0
67,0.0
68,0.034167774
69,0.0
70,0.0
71,0.0
72,0.035706088
73,0.0
74,0.0
75,0.0
76,0.037244406
77,0.0
78,0.0
79,0.0
80,0.038782716
81,0.0
82,0.0
83,0.0
84,0.04032103
85,0.0
86,0.0
87,0.0
88,0.04185933
89,0.0
90,0.0
91,0.0
92,0.04339765
93,0.0
94,0.0
95,0.0
96,0.016388912
97,0.0
98,0.0
99,0.0
100,0.014886299
101,0.0
102,0.0
103,0.0
104,0.01691957
105,0.0
106,0.0
107,0.0
108,0.020001452
109,0.0
110,0.0
111,0.0
112,0.023860384
113,0.0
114,0.0
115,0.0
116,0.027157567
117,0.0
118,0.0
119,0.0
120,0.03066293
121,0.0
122,0.0
123,0.0
124,0.033779316
125,0.0
126,0.0
127,0.0
128,0.03727662
129,0.0
130,0.0
131,0.0
132,0.039767116
133,0.0
134,0.0
135,0.0
136,0.041731887
137,0.0
138,0.0
139,0.0
140,0.043503255
141,0.0
142,0.0
143,0.0
144,0.044844657
145,0.0
146,0.0
147,0.0
148,0.0460703
149,0.0
150,0.0
151,0.0
152,0.047374867
153,0.0
154,0.0
155,0.0
156,0.049185395
157,0.0
158,0.0
159,0.0
160,0.050908193
161,0.0
162,0.0
163,0.0
164,0.052050777
165,0.0
166,0.0
167,0.0
168,0.053765833
169,0.0
170,0.0
171,0.0
172,0.05557356
173,0.0
174,0.0
175,0.0
176,0.0570713
177,0.0
178,0.0
179,0.0
180,0.058370046
181,0.0
182,0.0
183,0.0
184,0.059901178
185,0.0
186,0.0
187,0.0
188,0.061443716
189,0.0
190,0.0
191,0.0
192,0.027863936
193,0.0
194,0.0
195,0.0
196,0.026798185
197,0.0
198,0.0
199,0.0
200,0.026531799
201,0.0
202,0.0
203,0.0
204,0.026362054
205,0.0
206,0.0
207,0.0
208,0.02823153
209,0.0
210,0.0
211,0.0
212,0.031204438
213,0.0
214,0.0
215,0.0
216,0.034491174
217,0.0
218,0.0
219,0.0
220,0.037941173
221,0.0
222,0.0
223,0.0
224,0.04122904
225,0.0
226,0.0
227,0.0
228,0.044436887
229,0.0
230,0.0
231,0.0
232,0.04837195
233,0.0
234,0.0
235,0.0
236,0.052159704
237,0.0
238,0.0
239,0.0
240,0.05568237
241,0.0
242,0.0
243,0.0
244,0.05930306
245,0.0
246,0.0
247,0.0
248,0.06221354
249,0.0
250,0.0
251,0.0
252,0.064135596
253,0.0
254,0.0
255,0.0
256,0.06603497
257,0.0
258,0.0
259,0.0
260,0.0680816
261,0.0
262,0.0
263,0.0
264,0.07013848
265,0.0
266,0.0
267,0.0
268,0.071978405
269,0.0
270,0.0
271,0.0
272,0.07369126
273,0.0
274,0.0
275,0.0
276,0.075213335
277,0.0
278,0.0
279,0.0
280,0.077192016
281,0.0
282,0.0
283,0.0
284,0.07930951
285,0.0
286,0.0
287,0.0
288,0.039973065
289,0.0
290,0.0
291,0.0
292,0.03867533
293,0.0
294,0.0
295,0.0
296,0.03839358
297,0.0
298,0.0
299,0.0
300,0.03811185
301,0.0
302,0.0
303,0.0
304,0.037886426
305,0.0
306,0.0
307,0.0
308,0.03776019
309,0.0
310,0.0
311,0.0
312,0.039741844
313,0.0
314,0.0
315,0.0
316,0.042468145
317,0.0
318,0.0
319,0.0
320,0.04532978
321,0.0
322,0.0
323,0.0
324,0.048589453
325,0.0
326,0.0
327,0.0
328,0.051877335
329,0.0
330,0.0
331,0.0
332,0.055165216
333,0.0
334,0.0
335,0.0
336,0.058662638
337,0.0
338,0.0
339,0.0
340,0.062292814
341,0.0
342,0.0
343,0.0
344,0.06630102
345,0.0
346,0.0
347,0.0
348,0.07021489
349,0.0
350,0.0
351,0.0
352,0.07395585
353,0.0
354,0.0
355,0.0
356,0.07767699
357,0.0
358,0.0
359,0.0
360,0.08130532
361,0.0
362,0.0
363,0.0
364,0.08462303
365,0.0
366,0.0
367,0.0
368,0.08668989
369,0.0
370,0.0
371,0.0
372,0.0886588
373,0.0
374,0.0
375,0.0
376,0.09055818
377,0.0
378,0.0
379,0.0
380,0.09245754
381,0.0
382,0.0
383,0.0
384,0.052081853
385,0.0
386,0.0
387,0.0
388,0.050537102
389,0.0
390,0.0
391,0.0
392,0.05025538
393,0.0
394,0.0
395,0.0
396,0.04997365
397,0.0
398,0.0
399,0.0
400,0.0496919
401,0.0
402,0.0
403,0.0
404,0.04941953
405,0.0
406,0.0
407,0.0
408,0.049327016
409,0.0
410,0.0
411,0.0
412,0.04912912
413,0.0
414,0.0
415,0.0
416,0.051269017
417,0.0
418,0.0
419,0.0
420,0.05401551
421,0.0
422,0.0
423,0.0
424,0.056629047
425,0.0
426,0.0
427,0.0
428,0.05923775
429,0.0
430,0.0
431,0.0
432,0.062525615
433,0.0
434,0.0
435,0.0
436,0.06581349
437,0.0
438,0.0
439,0.0
440,0.0691379
441,0.0
442,0.0
443,0.0
444,0.07288154
445,0.0
446,0.0
447,0.0
448,0.07658862
449,0.0
450,0.0
451,0.0
452,0.08022188
453,0.0
454,0.0
455,0.0
456,0.084230095
457,0.0
458,0.0
459,0.0
460,0.088238314
461,0.0
462,0.0
463,0.0
464,0.091993324
465,0.0
466,0.0
467,0.0
468,0.09585149
469,0.0
470,0.0
471,0.0
472,0.09961017
473,0.0
474,0.0
475,0.0
476,0.10327516
477,0.0
478,0.0
479,0.0
480,0.3010104
481,0.20014445
482,0.09715379
483,0.0
484,0.29923978
485,0.19941027
486,0.09778506
487,0.0
488,0.29746902
489,0.19923107
490,0.098445065
491,0.0
492,0.29569834
493,0.19908483
494,0.099105306
495,0.0
496,0.29392758
497,0.19893838
498,0.09976543
499,0.0
500,0.2921569
501,0.1985391
502,0.10042555
503,0.0
504,0.29038605
505,0.19701459
506,0.100530274
507,0.0
508,0.28861532
509,0.19548975
510,0.10008199
511,0.0
512,0.28829122
513,0.19393803
514,0.09963376
515,0.0
516,0.2880095
517,0.19213472
518,0.099185415
519,0.0
520,0.2877278
521,0.19033132
522,0.09873719
523,0.0
524,0.287446
525,0.18852802
526,0.09828878
527,0.0
528,0.28716427
529,0.18672471
530,0.097840615
531,0.0
532,0.28688255
533,0.18494742
534,0.09739215
535,0.0
536,0.2866008
537,0.18343969
538,0.09694398
539,0.0005430076
540,0.28631908
541,0.18257974
542,0.096495755
543,0.0012030695
544,0.28603733
545,0.18256463
546,0.09603704
547,0.0018632505
548,0.28575554
549,0.18254991
550,0.09547467
551,0.0025235508
552,0.28547382
553,0.18253507
554,0.09533549
555,0.0031834934
556,0.28519213
557,0.18252014
558,0.09519649
559,0.003843734
560,0.28491038
561,0.18249802
562,0.094844826
563,0.0043933485
564,0.28462872
565,0.18242978
566,0.09332747
567,0.0039450023
568,0.28434694
569,0.18236156
570,0.091810174
571,0.0034965966
572,0.2840652
573,0.1822934
574,0.091623195
575,0.0030484293
576,0.31311798
577,0.211839
578,0.109239705
579,0.005492756
580,0.31134865
581,0.21157615
582,0.109869786
583,0.003784487
584,0.30957797
585,0.2114297
586,0.110499986
587,0.0043546055
588,0.3078071
589,0.21128355
590,0.111130126
591,0.0050147865
592,0.30603638
593,0.21116264
594,0.111760385
595,0.005675027
596,0.30426574
597,0.2103677
598,0.11219705
599,0.006335089
600,0.30249482
601,0.20887567
602,0.11171878
603,0.006995151
604,0.30072424
605,0.20738362
606,0.111240454
607,0.0076553915
608,0.30015302
609,0.20589174
610,0.11076207
611,0.0083155725
612,0.2998712
613,0.20413913
614,0.11028392
615,0.008975634
616,0.29958946
617,0.20236833
618,0.10980571
619,0.009635815
620,0.29930785
621,0.20059766
622,0.10932744
623,0.010295877
624,0.2990261
625,0.19882701
626,0.108849116
627,0.010956118
628,0.29874435
629,0.19705628
630,0.10837925
631,0.01161618
632,0.29846257
633,0.19528557
634,0.107930966
635,0.01227642
636,0.2981809
637,0.19391175
638,0.10748256
639,0.012936661
640,0.29789922
641,0.19363
642,0.10711492
643,0.013596782
644,0.29761738
645,0.19357567
646,0.10701121
647,0.014256904
648,0.29733568
649,0.19356082
650,0.10687203
651,0.014917085
652,0.29705387
653,0.19354586
654,0.10673297
655,0.015577206
656,0.2967723
657,0.19353084
658,0.105953045
659,0.015380332
660,0.2964905
661,0.19351603
662,0.10443575
663,0.0149319265
664,0.29620877
665,0.1935011
666,0.10291851
667,0.014483759
668,0.2959271
669,0.19348614
670,0.10248447
671,0.014035353
672,0.32518134
673,0.22410898
674,0.12132574
675,0.0147678945
676,0.32345736
677,0.22399534
678,0.12195588
679,0.015427956
680,0.32168674
681,0.22388159
682,0.12258596
683,0.016088078
684,0.31991598
685,0.22376774
686,0.12321622
687,0.016748318
688,0.31814525
689,0.22365408
690,0.12384624
691,0.01740838
692,0.31637445
693,0.22243117
694,0.123536475
695,0.018068561
696,0.3146037
697,0.22093911
698,0.12305833
699,0.018728683
700,0.312833
701,0.21944709
702,0.12258
703,0.019388864
704,0.31201485
705,0.21795504
706,0.12210161
707,0.020048866
708,0.31173292
709,0.21624799
710,0.12162352
711,0.020709226
712,0.31145132
713,0.21447717
714,0.121145196
715,0.021369347
716,0.31116948
717,0.21270649
718,0.12066699
719,0.022029469
720,0.31088787
721,0.21093582
722,0.12018878
723,0.02268959
724,0.31060618
725,0.20916499
726,0.11971033
727,0.023349652
728,0.3103244
729,0.20739435
730,0.119232066
731,0.024009833
732,0.31004268
733,0.20577355
734,0.11875386
735,0.024670014
736,0.30976084
737,0.20549174
738,0.11886031
739,0.025330016
740,0.30947927
741,0.20520999
742,0.1187718
743,0.025990257
744,0.30919737
745,0.20492823
746,0.11860276
747,0.026650319
748,0.30891573
749,0.20464657
750,0.11843372
751,0.026815424
752,0.308634
753,0.20455651
754,0.11719579
755,0.026367078
756,0.30835226
757,0.20454176
758,0.115648516
759,0.02591885
760,0.30807045
761,0.2045268
762,0.11410112
763,0.025470624
764,0.30778882
765,0.20451199
766,0.113390274
767,0.025022397
768,0.3372448
769,0.23660068
770,0.13341172
771,0.026501307
772,0.3355662
773,0.23648678
774,0.13404192
775,0.027161488
776,0.33379555
777,0.23637314
778,0.134672
779,0.02782155
780,0.3320247
781,0.23625942
782,0.1353022
783,0.02848179
784,0.33025405
785,0.23598658
786,0.13535453
787,0.029141853
788,0.32848322
789,0.23449449
790,0.1348762
791,0.029801914
792,0.32671246
793,0.23300265
794,0.134398
795,0.030462155
796,0.32494175
797,0.23151065
798,0.13391961
799,0.031122396
800,0.32387662
801,0.23001851
802,0.13344134
803,0.031782456
804,0.32359484
805,0.22835676
806,0.13296308
807,0.032442518
808,0.32331312
809,0.22658591
810,0.13248487
811,0.03310276
812,0.3230312
813,0.22481535
814,0.13200648
815,0.03376288
816,0.32274967
817,0.22304462
818,0.13152833
819,0.03442312
820,0.32246798
821,0.22127385
822,0.13105007
823,0.03508324
824,0.32218617
825,0.21950303
826,0.1305718
827,0.035743423
828,0.32190448
829,0.21773244
830,0.13059433
831,0.036403425
832,0.32162273
833,0.21735357
834,0.130704
835,0.037063487
836,0.32134098
837,0.21707188
838,0.13066085
839,0.037723728
840,0.32105914
841,0.21679012
842,0.13049187
843,0.03825093
844,0.32077745
845,0.21650834
846,0.13020416
847,0.037802465
848,0.32049578
849,0.21622656
850,0.12865676
851,0.03735412
852,0.32021406
853,0.21594496
854,0.12710948
855,0.03690595
856,0.31993228
857,0.21566318
858,0.1255622
859,0.036457546
860,0.3196506
861,0.21553771
862,0.12460429
863,0.03600944
864,0.34930828
865,0.24909203
866,0.1454977
867,0.038234778
868,0.347675
869,0.24897833
870,0.14612778
871,0.03889496
872,0.34590423
873,0.2488646
874,0.14675821
875,0.03955484
876,0.3441335
877,0.248751
878,0.14717229
879,0.040215142
880,0.34236282
881,0.24805005
882,0.14669402
883,0.040875204
884,0.34059203
885,0.24655809
886,0.14621563
887,0.041535445
888,0.33882135
889,0.24506585
890,0.14573754
891,0.042195506
892,0.33705047
893,0.24357386
894,0.14525916
895,0.04285557
896,0.3357382
897,0.24208193
898,0.14478077
899,0.04351581
900,0.33545664
901,0.24046563
902,0.1443025
903,0.04417593
904,0.3351749
905,0.23869489
906,0.1438243
907,0.04483623
908,0.33489314
909,0.23692398
910,0.14334609
911,0.045496233
912,0.33461145
913,0.2351533
914,0.14286776
915,0.046156473
916,0.33432975
917,0.23338266
918,0.14238955
919,0.046816595
920,0.33404788
921,0.23161183
922,0.14232834
923,0.047476776
924,0.33376616
925,0.22984104
926,0.14243813
927,0.048136838
928,0.33348444
929,0.22921531
930,0.14254774
931,0.0487969
932,0.33320272
933,0.22893362
934,0.14254983
935,0.0494572
936,0.33292097
937,0.2286518
938,0.14238079
939,0.049237616
940,0.33263922
941,0.22837009
942,0.141665
943,0.04878939
944,0.33235753
945,0.22808821
946,0.1401176
947,0.048341222
948,0.3320758
949,0.22780673
950,0.13857032
951,0.047892816
952,0.33179405
953,0.22752501
954,0.13702305
955,0.04744447
956,0.33151233
957,0.2272432
958,0.13581808
959,0.046996243
960,0.35946226
961,0.2605646
962,0.1570722
963,0.04935933
964,0.35794303
965,0.26045093
966,0.15770222
967,0.05001945
968,0.35617226
969,0.26033717
970,0.15833236
971,0.050679572
972,0.35440138
973,0.2596961
974,0.15830685
975,0.051339753
976,0.35263073
977,0.25820404
978,0.1578287
979,0.051999874
980,0.35086003
981,0.25671196
982,0.15735026
983,0.052659996
984,0.34908932
985,0.2552199
986,0.15687193
987,0.053320296
988,0.3473186
989,0.253728
990,0.15639366
991,0.053980418
992,0.34554774
993,0.25223592
994,0.15591533
995,0.0546403
996,0.34498063
997,0.25073346
998,0.15543719
999,0.05530072
1000,0.34469903
1001,0.2489629
1002,0.15495886
1003,0.0559609
1004,0.34441715
1005,0.24719213
1006,0.15448047
1007,0.056620903
1008,0.34413552
1009,0.24542134
1010,0.15400244
1011,0.057281204
1012,0.3438539
1013,0.2436506
1014,0.15382786
1015,0.057941206
1016,0.34357205
1017,0.24187984
1018,0.1539376
1019,0.058601446
1020,0.34329024
1021,0.2401091
1022,0.15404727
1023,0.05926151
1024,0.34300855
1025,0.2387395
1026,0.15415694
1027,0.05992163
1028,0.34272677
1029,0.23845755
1030,0.15426673
1031,0.06037069
1032,0.3424451
1033,0.23817597
1034,0.15361692
1035,0.059922583
1036,0.34216347
1037,0.23789431
1038,0.15206803
1039,0.059474297
1040,0.34188166
1041,0.23761247
1042,0.15047832
1043,0.05902595
1044,0.34159988
1045,0.23733078
1046,0.14888848
1047,0.058577545
1048,0.34131822
1049,0.23704897
1050,0.14729841
1051,0.058129378
1052,0.34103653
1053,0.23676728
1054,0.14570864
1055,0.05768103
1056,0.37152573
1057,0.27305627
1058,0.16915818
1059,0.061092623
1060,0.3700337
1061,0.27294227
1062,0.16978826
1063,0.061752982
1064,0.36828107
1065,0.27282864
1066,0.1701246
1067,0.062413163
1068,0.36651027
1069,0.27175957
1070,0.16964622
1071,0.063073285
1072,0.36473957
1073,0.27026758
1074,0.16916813
1075,0.06373323
1076,0.3629688
1077,0.2687754
1078,0.16868992
1079,0.06439347
1080,0.36119816
1081,0.2672834
1082,0.16821165
1083,0.06505377
1084,0.3594273
1085,0.2657915
1086,0.16773333
1087,0.06571389
1088,0.3576566
1089,0.26429933
1090,0.16725482
1091,0.06637371
1092,0.35684255
1093,0.26280734
1094,0.16677667
1095,0.06703413
1096,0.35656077
1097,0.26107168
1098,0.16629858
1099,0.067694314
1100,0.35627887
1101,0.25930083
1102,0.1658202
1103,0.06835426
1104,0.35599738
1105,0.25753015
1106,0.16556193
1107,0.06901462
1108,0.35571563
1109,0.25575945
1110,0.16565086
1111,0.06967474
1112,0.35543388
1113,0.25398856
1114,0.16571803
1115,0.07033474
1116,0.355152
1117,0.25221804
1118,0.16578509
1119,0.0709951
1120,0.35487047
1121,0.2506012
1122,0.16585232
1123,0.0716551
1124,0.35458866
1125,0.25031948
1126,0.1659195
1127,0.07135785
1128,0.35430694
1129,0.2500378
1130,0.1648447
1131,0.07090951
1132,0.35402507
1133,0.24975617
1134,0.1632547
1135,0.07046122
1136,0.35374334
1137,0.24947427
1138,0.16166492
1139,0.070012935
1140,0.35346183
1141,0.24919246
1142,0.16007496
1143,0.06956477
1144,0.35317996
1145,0.24891077
1146,0.15848513
1147,0.06911642
1148,0.35289818
1149,0.24862914
1150,0.15689518
1151,0.068668194
1152,0.38358906
1153,0.28554767
1154,0.18124409
1155,0.072826095
1156,0.38209707
1157,0.28543395
1158,0.18187429
1159,0.073486336
1160,0.38038978
1161,0.28531504
1162,0.18146415
1163,0.0741464
1164,0.3786192
1165,0.28382295
1166,0.18098594
1167,0.07480664
1168,0.37684846
1169,0.28233093
1170,0.18050762
1171,0.07546694
1172,0.37507746
1173,0.2808388
1174,0.1800294
1175,0.07612688
1176,0.37330687
1177,0.27934685
1178,0.17955102
1179,0.076787
1180,0.37153596
1181,0.2778548
1182,0.17903288
1183,0.0774473
1184,0.3697652
1185,0.27636278
1186,0.17851205
1187,0.078107305
1188,0.3687042
1189,0.2748708
1190,0.17799129
1191,0.078767546
1192,0.3684226
1193,0.27318043
1194,0.17747058
1195,0.07942761
1196,0.36814067
1197,0.27140945
1198,0.17708577
1199,0.08008761
1200,0.36785913
1201,0.26963887
1202,0.17715307
1203,0.08074803
1204,0.36757728
1205,0.26786804
1206,0.17722012
1207,0.08140815
1208,0.36729562
1209,0.26609752
1210,0.17728724
1211,0.08206821
1212,0.36701387
1213,0.26432657
1214,0.17735447
1215,0.082728215
1216,0.36673197
1217,0.26255593
1218,0.1774217
1219,0.08279318
1220,0.36645034
1221,0.2621812
1222,0.1774887
1223,0.08234478
1224,0.3661686
1225,0.26189953
1226,0.17603113
1227,0.08189637
1228,0.36588684
1229,0.2616176
1230,0.17444123
1231,0.081448324
1232,0.36560524
1233,0.26133606
1234,0.17285146
1235,0.08099992
1236,0.36532342
1237,0.26105434
1238,0.17126162
1239,0.08055187
1240,0.36504155
1241,0.26077262
1242,0.16967167
1243,0.080103405
1244,0.36476
1245,0.26049075
1246,0.1680819
1247,0.07965506
1248,0.3956526
1249,0.2980392
1250,0.19331355
1251,0.08455963
1252,0.39416054
1253,0.29792547
1254,0.19322295
1255,0.08521987
1256,0.39249867
1257,0.2973785
1258,0.19270219
1259,0.08587987
1260,0.3907279
1261,0.29588655
1262,0.19218148
1263,0.08654005
1264,0.38895714
1265,0.29439434
1266,0.1916606
1267,0.08720023
1268,0.38718635
1269,0.29290217
1270,0.19113971
1271,0.087860234
1272,0.38541576
1273,0.2914103
1274,0.19061889
1275,0.088520594
1276,0.38364506
1277,0.2899184
1278,0.19009806
1279,0.089180715
1280,0.38187423
1281,0.2884263
1282,0.18957736
1283,0.0898409
1284,0.38056597
1285,0.28693417
1286,0.18905677
1287,0.09050096
1288,0.3802845
1289,0.28528908
1290,0.18858822
1291,0.09116108
1292,0.38000265
1293,0.2835184
1294,0.18865521
1295,0.09182114
1296,0.37972105
1297,0.2817478
1298,0.1887225
1299,0.0924815
1300,0.37943923
1301,0.27997687
1302,0.18878956
1303,0.093141444
1304,0.37915742
1305,0.27820626
1306,0.1888568
1307,0.093801744
1308,0.37887564
1309,0.27643546
1310,0.18892391
1311,0.094228394
1312,0.378594
1313,0.27466485
1314,0.18899108
1315,0.09378017
1316,0.37831214
1317,0.27404296
1318,0.18866523
1319,0.09333176
1320,0.3780304
1321,0.27376127
1322,0.18721773
1323,0.092883475
1324,0.3777488
1325,0.27347958
1326,0.18562795
1327,0.09243513
1328,0.37746686
1329,0.27319777
1330,0.184038
1331,0.09198696
1332,0.37718529
1333,0.27291596
1334,0.18244834
1335,0.091538675
1336,0.3769034
1337,0.27263433
1338,0.18085815
1339,0.09109045
1340,0.37662175
1341,0.27235264
1342,0.17926861
1343,0.0906421
1344,0.5623252
1345,0.4670353
1346,0.36220574
1347,0.24722059
1348,0.56083345
1349,0.46554333
1350,0.36200637
1351,0.24788083
1352,0.5593413
1353,0.46405125
1354,0.36180663
1355,0.24854095
1356,0.5578494
1357,0.46255928
1358,0.3616069
1359,0.24920131
1360,0.5563571
1361,0.46106708
1362,0.36140698
1363,0.24986126
1364,0.5548654
1365,0.45957524
1366,0.3612075
1367,0.25052136
1368,0.55337316
1369,0.4580831
1370,0.36100793
1371,0.25118142
1372,0.5518812
1373,0.4565912
1374,0.36080813
1375,0.2518416
1376,0.55038923
1377,0.455099
1378,0.3605994
1379,0.25250185
1380,0.54868275
1381,0.4536072
1382,0.35902154
1383,0.25364292
1384,0.5469118
1385,0.45211506
1386,0.3574435
1387,0.25489122
1388,0.54514134
1389,0.45062298
1390,0.35586548
1391,0.25613916
1392,0.54364127
1393,0.44913107
1394,0.35428768
1395,0.25669247
1396,0.54335964
1397,0.44763917
1398,0.35270977
1399,0.25683224
1400,0.5430776
1401,0.44614697
1402,0.3511315
1403,0.25697154
1404,0.5427959
1405,0.44465482
1406,0.34955335
1407,0.25711125
1408,0.54251426
1409,0.4431628
1410,0.34797555
1411,0.25725096
1412,0.5422327
1413,0.4414733
1414,0.34639752
1415,0.25739068
1416,0.54195094
1417,0.43970257
1418,0.34481978
1419,0.25753027
1420,0.5416692
1421,0.43793178
1422,0.3432417
1423,0.25767
1424,0.54138756
1425,0.43711835
1426,0.34166378
1427,0.25780982
1428,0.54110587
1429,0.43683678
1430,0.34008563
1431,0.2579494
1432,0.5408239
1433,0.43655485
1434,0.3385076
1435,0.25804716
1436,0.5405423
1437,0.43627316
1438,0.33692986
1439,0.2581445
1440,0.5743888
1441,0.47909868
1442,0.3746112
1443,0.2589538
1444,0.5728965
1445,0.4776067
1446,0.37441164
1447,0.25961423
1448,0.57140464
1449,0.47611475
1450,0.3742119
1451,0.26027417
1452,0.5699128
1453,0.47462273
1454,0.37401217
1455,0.26093453
1456,0.5684205
1457,0.47313052
1458,0.37381268
1459,0.26159447
1460,0.56692857
1461,0.47163862
1462,0.37361282
1463,0.26225466
1464,0.5654367
1465,0.47014636
1466,0.37341332
1467,0.26291496
1468,0.5639446
1469,0.46865457
1470,0.37321353
1471,0.26357514
1472,0.56245255
1473,0.4671625
1474,0.37257648
1475,0.26463252
1476,0.56079155
1477,0.4656706
1478,0.37099862
1479,0.26588058
1480,0.55902076
1481,0.46417856
1482,0.36942077
1483,0.26712847
1484,0.5572501
1485,0.46268642
1486,0.36784267
1487,0.2680437
1488,0.55550295
1489,0.46119446
1490,0.36626476
1491,0.26818347
1492,0.55522126
1493,0.4597025
1494,0.36468667
1495,0.26832318
1496,0.5549394
1497,0.45821017
1498,0.3631087
1499,0.26846284
1500,0.5546576
1501,0.4567184
1502,0.36153072
1503,0.26858395
1504,0.55437624
1505,0.4552263
1506,0.35995305
1507,0.26868117
1508,0.55409443
1509,0.45358187
1510,0.35837483
1511,0.2687782
1512,0.5538128
1513,0.45181113
1514,0.35679686
1515,0.26887554
1516,0.5535309
1517,0.45004058
1518,0.355219
1519,0.26897252
1520,0.5532494
1521,0.44898003
1522,0.35364085
1523,0.2690698
1524,0.5529675
1525,0.4486984
1526,0.35206318
1527,0.26916683
1528,0.55268574
1529,0.44841647
1530,0.3504852
1531,0.26926386
1532,0.5524038
1533,0.4481349
1534,0.3489073
1535,0.26896447
1536,0.58645207
1537,0.49116206
1538,0.38701642
1539,0.27068746
1540,0.5849602
1541,0.48967028
1542,0.38681692
1543,0.27134758
1544,0.583468
1545,0.48817796
1546,0.38661718
1547,0.2720077
1548,0.5819761
1549,0.48668617
1550,0.3864175
1551,0.27266788
1552,0.580484
1553,0.4851939
1554,0.38621777
1555,0.27332777
1556,0.578992
1557,0.48370183
1558,0.38601828
1559,0.2739883
1560,0.5775001
1561,0.48220992
1562,0.38581842
1563,0.2746482
1564,0.576008
1565,0.48071778
1566,0.3856187
1567,0.27562195
1568,0.5745161
1569,0.47922593
1570,0.38455385
1571,0.27687
1572,0.5729004
1573,0.47773397
1574,0.38297594
1575,0.27808034
1576,0.57112956
1577,0.47624183
1578,0.38139802
1579,0.2792859
1580,0.5693588
1581,0.4747498
1582,0.37981993
1583,0.2794122
1584,0.567588
1585,0.47325772
1586,0.37824196
1587,0.2795093
1588,0.5670832
1589,0.47176558
1590,0.37666404
1591,0.27960658
1592,0.56680137
1593,0.47027355
1594,0.3750859
1595,0.27970374
1596,0.5665195
1597,0.4687816
1598,0.37350816
1599,0.27980065
1600,0.5662378
1601,0.4672897
1602,0.37193006
1603,0.27989787
1604,0.565956
1605,0.46569073
1606,0.3703521
1607,0.2799949
1608,0.5656745
1609,0.46392
1610,0.36877406
1611,0.28009218
1612,0.5653927
1613,0.4621492
1614,0.36719626
1615,0.28018945
1616,0.56511104
1617,0.4608419
1618,0.36561835
1619,0.28028643
1620,0.5648293
1621,0.46056002
1622,0.36404026
1623,0.28038353
1624,0.56454736
1625,0.46027833
1626,0.36246216
1627,0.28048068
1628,0.5642658
1629,0.45999664
1630,0.36088437
1631,0.2797528
1632,0.59851557
1633,0.5032255
1634,0.39942193
1635,0.28242075
1636,0.5970236
1637,0.5017336
1638,0.3992222
1639,0.28308123
1640,0.5955314
1641,0.50024164
1642,0.39902276
1643,0.2837268
1644,0.5940396
1645,0.49874926
1646,0.39882314
1647,0.2843446
1648,0.5925473
1649,0.4972573
1650,0.39862323
1651,0.28496182
1652,0.5910555
1653,0.4957654
1654,0.39842373
1655,0.28557944
1656,0.5895635
1657,0.4942733
1658,0.39822406
1659,0.28642666
1660,0.5880715
1661,0.49278128
1662,0.39802426
1663,0.28763247
1664,0.5865793
1665,0.49128926
1666,0.39653122
1667,0.28883797
1668,0.585009
1669,0.4897974
1670,0.3949535
1671,0.2900436
1672,0.5832383
1673,0.48830515
1674,0.3933754
1675,0.2905318
1676,0.58146745
1677,0.4868132
1678,0.39179736
1679,0.2906291
1680,0.5796969
1681,0.48532134
1682,0.3902192
1683,0.29072613
1684,0.5789449
1685,0.4838292
1686,0.38864124
1687,0.29082334
1688,0.5786632
1689,0.48233718
1690,0.38706326
1691,0.29092032
1692,0.57838136
1693,0.48084533
1694,0.3854854
1695,0.29101735
1696,0.5780996
1697,0.4793533
1698,0.38390732
1699,0.29111475
1700,0.577818
1701,0.4777996
1702,0.38232958
1703,0.29121178
1704,0.5775361
1705,0.47602862
1706,0.38075167
1707,0.29130918
1708,0.5772545
1709,0.47425795
1710,0.37917364
1711,0.29140615
1712,0.5769727
1713,0.47270358
1714,0.37759554
1715,0.2915032
1716,0.5766911
1717,0.4724217
1718,0.37601757
1719,0.29160047
1720,0.5764093
1721,0.47213995
1722,0.37443948
1723,0.29169738
1724,0.57612765
1725,0.47185844
1726,0.37286174
1727,0.29054177
1728,0.6105791
1729,0.5152889
1730,0.4118275
1731,0.29395068
1732,0.60908717
1733,0.5137971
1734,0.41162777
1735,0.29456848
1736,0.6075948
1737,0.5123047
1738,0.41142797
1739,0.29518592
1740,0.60610306
1741,0.5108129
1742,0.41122848
1743,0.29580367
1744,0.6046109
1745,0.5093208
1746,0.41102874
1747,0.296421
1748,0.60311884
1749,0.5078288
1750,0.410829
1751,0.2971847
1752,0.6016268
1753,0.50633675
1754,0.41062933
1755,0.29839033
1756,0.6001348
1757,0.50484484
1758,0.41008645
1759,0.29959577
1760,0.5986428
1761,0.5033527
1762,0.40850854
1763,0.30080128
1764,0.5971176
1765,0.501861
1766,0.40693057
1767,0.30165142
1768,0.59534705
1769,0.50036883
1770,0.40535265
1771,0.30174875
1772,0.5935763
1773,0.49887663
1774,0.40377456
1775,0.3018459
1776,0.59180546
1777,0.49738473
1778,0.40219665
1779,0.30194288
1780,0.5908067
1781,0.4958924
1782,0.40061855
1783,0.3020401
1784,0.59052485
1785,0.49440062
1786,0.39904064
1787,0.30213702
1788,0.5902431
1789,0.49290842
1790,0.3974626
1791,0.3022343
1792,0.5899616
1793,0.4914165
1794,0.39588475
1795,0.3023315
1796,0.5896796
1797,0.48990828
1798,0.39430684
1799,0.30242878
1800,0.589398
1801,0.4881373
1802,0.39272875
1803,0.30252588
1804,0.58911645
1805,0.48636705
1806,0.3911506
1807,0.3026232
1808,0.5888346
1809,0.48459595
1810,0.38957298
1811,0.30272007
1812,0.58855313
1813,0.48428363
1814,0.38799506
1815,0.30281705
1816,0.588271
1817,0.484002
1818,0.38641697
1819,0.30261147
1820,0.5879894
1821,0.48372018
1822,0.3848393
1823,0.30133045
